BaselineInfo:
  WebDBID: -1
  TimeStamp: 20230426015658
Version:
  Major: 10
  Minor: 2
  Build: 1002
  SpecialBuildName: ""
  ptArchitecture: x86_64_linux
Results:
  Results Complete: true
  NumTestProcesses: 8
  CPU_INTEGER_MATH: 21294.402833333334
  CPU_FLOATINGPOINT_MATH: 15550.762873294345
  CPU_PRIME: 66.96481227570203
  CPU_SORTING: 12563.285423741843
  CPU_ENCRYPTION: 5427.6943984052141
  CPU_COMPRESSION: 85259.102123164077
  CPU_SINGLETHREAD: 2437.3673388481893
  CPU_PHYSICS: 1023.2969898574404
  CPU_MATRIX_MULT_SSE: 7801.7738157035983
  CPU_mm: 949.51738450057883
  CPU_sse: 3717.052978099593
  CPU_fma: 11386.89534272076
  CPU_avx: 8301.3731262904439
  CPU_avx512: 0
  m_CPU_enc_SHA: 7554238459.3581209
  m_CPU_enc_AES: 5073027587.4781075
  m_CPU_enc_ECDSA: 4446784197.6702099
  ME_ALLOC_S: 0
  ME_READ_S: 0
  ME_READ_L: 0
  ME_WRITE: 0
  ME_LARGE: 0
  ME_LATENCY: 0
  ME_THREADED: 0
  SUMM_CPU: 8954.059109930171
  SUMM_ME: 0
SystemInformation:
  OSName: Debian GNU/Linux 11 (bullseye)
  Kernel: 5.4.0-147-generic
  Device: ""
  Processor: AMD Ryzen Threadripper PRO 3945WX 12-Cores
  NumSockets: 8
  Manufacturer: AuthenticAMD