BaselineInfo:
  WebDBID: -1
  TimeStamp: 20230426174350
Version:
  Major: 10
  Minor: 2
  Build: 1002
  SpecialBuildName: ""
  ptArchitecture: aarch64_linux
Results:
  Results Complete: true
  NumTestProcesses: 6
  CPU_INTEGER_MATH: 18913.772833333333
  CPU_FLOATINGPOINT_MATH: 31787.635753181163
  CPU_PRIME: 61.139391035153288
  CPU_SORTING: 16528.853220845605
  CPU_ENCRYPTION: 912.41469708545378
  CPU_COMPRESSION: 33929.191349056877
  CPU_SINGLETHREAD: 3219.4068318118771
  CPU_PHYSICS: 1109.5974036046828
  CPU_MATRIX_MULT_SSE: 6372.4983884131889
  CPU_mm: 1152.9657095342102
  CPU_sse: 4616.6193208622017
  CPU_fma: 8128.3774559641752
  CPU_avx: 0
  CPU_avx512: 0
  m_CPU_enc_SHA: 1545555081.7907987
  m_CPU_enc_AES: 409409970.68442398
  m_CPU_enc_ECDSA: 915243407.75800788
  ME_ALLOC_S: 0
  ME_READ_S: 0
  ME_READ_L: 0
  ME_WRITE: 0
  ME_LARGE: 0
  ME_LATENCY: 0
  ME_THREADED: 0
  SUMM_CPU: 4799.6981479382712
  SUMM_ME: 0
SystemInformation:
  OSName: Ubuntu 22.04.2 LTS
  Kernel: 4.15.0-209-generic
  Device: ""
  Processor: ARM Cortex-A72 6 Core 0 MHz
  NumSockets: 1
  Manufacturer: ARM
