BaselineInfo:
  WebDBID: -1
  TimeStamp: 20230425231113
Version:
  Major: 10
  Minor: 2
  Build: 1002
  SpecialBuildName: ""
  ptArchitecture: x86_64_linux
Results:
  Results Complete: true
  NumTestProcesses: 4
  CPU_INTEGER_MATH: 12134.326000000001
  CPU_FLOATINGPOINT_MATH: 745.50531886921135
  CPU_PRIME: 35.977364488597054
  CPU_SORTING: 2905.9332118328389
  CPU_ENCRYPTION: 309.71121022332096
  CPU_COMPRESSION: 26812.821874695481
  CPU_SINGLETHREAD: 557.25375462998431
  CPU_PHYSICS: 101.14048516794189
  CPU_MATRIX_MULT_SSE: 35.360804104862211
  CPU_mm: 35.360804104862211
  CPU_sse: 0
  CPU_fma: 0
  CPU_avx: 0
  CPU_avx512: 0
  m_CPU_enc_SHA: 238986041.19325435
  m_CPU_enc_AES: 529282543.03301334
  m_CPU_enc_ECDSA: 205998641.68711933
  ME_ALLOC_S: 0
  ME_READ_S: 0
  ME_READ_L: 0
  ME_WRITE: 0
  ME_LARGE: 0
  ME_LATENCY: 0
  ME_THREADED: 0
  SUMM_CPU: 300.46845629313697
  SUMM_ME: 0
SystemInformation:
  OSName: Debian GNU/Linux 11 (bullseye)
  Kernel: 5.15.49-linuxkit
  Device: ""
  Processor: ""
  NumSockets: 1
  Manufacturer: 0x00
